-3.396968341002238e-06,0.0010652159173269854
0.0015892235355624363,0.002686074694029379
-0.004186654766831425,-0.0039051892937633412
-0.0006181260354407044,0.0027489397911183927
-0.0006741622692576538,-0.0034128213883261216
0.0007273238486414855,0.0025928873182046977
-0.00010008751789628153,0.000575194514810842
0.0004682764844156976,0.0022227549912139186
-0.00013586539484294357,-0.0013950938208166124
-0.0006578836826523988,0.0033671370391110257
0.0005957110815430962,0.0030671476772082145
8.95355080202676e-05,-0.0006389522111881488
0.0014598823677808672,0.008579554518651916
0.0016337504479415456,0.007277136180020146
-0.007453452795026593,-0.0024007621452791453
0.0005020303111459436,-0.0004876287603653033
-0.00021468937841160815,0.003243434370571231
0.0008205238628777546,-0.00029274224078854044
0.0008557491678289272,0.009176138568610333
-0.00023264836786831983,0.0038785786253838217
-0.000547069471196159,0.0028629786195143937
0.002346871976064295,0.007213286959611794
0.0004848487792117915,0.0023693611063057706
0.004186470840927082,0.007565727217126424
-0.006074435908454756,-7.4748864598750175e-06
0.0006949647163442284,0.002448085235810898
7.222855277416307e-05,0.0009976445434301813
-0.0002576504050367748,0.004136747620220328
-0.009566726541476825,0.001113109862567635
-0.004193259361461048,-0.004436016285716905
-0.00772266718888979,-0.0015890154559115494
-0.006476318200207259,-0.0022298832114037103
0.007551457572847645,0.004876594552362625
0.0006505033441513521,0.0028930483785773475
0.0005681661628175707,0.0016394259763635316
-0.006926086581304652,0.00032077128266963875
0.0029229624883178543,0.008485946724139012
0.0005063792847171341,0.0017191897583458508
9.372202952190887e-05,-0.00018723817673927713
0.0037845409014036855,0.0080939502684737
-0.0029742437042185863,-0.0026060708036987888
-0.00011944070914669591,-0.00043190194644306416
-0.0045311182033740734,-0.0002595946680932861
-0.0002105531472758459,-0.00041976726254833803
-1.873079581418194e-05,0.00043530109431316944
-0.004557190447523483,-0.0009457853467541453
-0.008376472499186705,-0.0012200041726490643
-0.0010435202157711967,-2.1461267701961757e-05
-0.008118216713017901,-0.0003477116465930164
0.007651369585498729,0.0008966897335809265
0.0030346143137564736,0.007538323400221186
-0.007329423052465079,0.0014135321992042639
0.004836153256794863,0.007432809931907944
-8.603669674182981e-05,0.0017294338975570316
0.003099509084641291,0.005530819690809376
-0.0069390159230955095,-7.38999993649004e-05
-0.006604180587441724,-0.001104721268123613
-0.004036954222015761,-0.005563679590662199
0.004851272342997301,0.007461898265356442
0.005302351555545837,0.008327920969650252
-0.0073571740304071865,-0.0007843768920384802
0.004573812683973558,0.009820011717783376
-0.004207492240645875,-0.006137985741013105
0.0063284840437937825,0.003287510472950187
-0.0003526705172626003,0.002451498907387109
-0.005241438992330998,-0.004466348817809411
0.002649174404011873,-0.0017676408481935035
-0.0050359915549989176,0.0010906826411923344
0.008960162904697169,0.003038403424777855
-0.0013900497104507572,-0.006769575089683012
-0.004051844052772062,-0.0066123134940064545
0.0055828865156484254,0.00744366824199347
0.0063852712832834935,0.007134523982496895
0.0053972891266479825,0.006498623436909837
-0.005200951858962814,5.869014019612254e-05
-0.006544370543866645,-0.0002687571158337283
0.003880442415436662,0.007893181116648005
0.006157325206118897,0.00716497325903302
0.0005571528522687341,-0.0013949354593932736
0.002871945510694723,0.003915916584569058
-0.004159227642488659,-0.005939869730062567
-0.003868492810960764,-0.0058039243659545395
-0.0003624820177958861,0.0038871554588543215
-0.005962456829695562,-0.0002152000874945832
0.0027090542931206725,0.0030585939266142303
0.004709188092748921,0.0065876628191465225
0.0020852292485544926,0.003473712709875957
-0.006801805090266106,-0.0006029117927033776
0.006081477335063611,0.0063534002688880415
0.007165481049115616,0.004718405691784008
0.004767725753163138,0.007696404124139135
-0.006541266362392673,-0.0015767336848424175
-0.006839492258437496,0.0008080595153065757
0.00037970950062560157,7.444232515047298e-05
-0.006872709547182898,-0.0022156653336848392
0.004619698202577314,0.006186034668302074
-0.0009845964240273392,-0.006805987887912466
0.005575213276381801,0.0080433548501591
0.0081215223163419,0.0014165946462487778
0.0030632186484767085,0.007334175358403582
-0.006923104609420618,0.0010617297344382172
-0.006640063683131886,0.0002114310917937759
-0.0001951312642927605,-0.0003804588564266066
0.007334330499916486,0.0030815086323393156
0.004884680752674373,0.008404470025679341
0.007177615506930761,0.003907307862953912
0.0075712318899422764,0.0021311490134465344
0.003151671773834932,0.0029271498182455976
0.006262776741749116,0.006429350326744837
0.0063020141826902,0.005910147603869344
-0.005277688707889458,-0.005049469662799947
0.005637703934645234,0.005869251407566085
0.0034900292846072388,0.005630622033910249
-0.004638431408017179,-0.006433150006884084
0.0015009698086638089,0.008423404521014434
0.0036426669632173923,0.007369012558036063
-0.0063159163534159705,-0.00017060968198595795
0.0074510652538985435,0.0030676082242269095
0.002111435842220174,0.003796689515635328
0.0019149469661510958,0.0035220779092070584
0.0016452620938975922,0.004195317681206864
-0.0034395501089536673,0.002410570252571203
0.003448580788860043,0.007312760164937832
-0.006199416027849726,0.0011593965009107834
0.0017882133525352897,0.003549913250450503
-0.0042236516995295915,-0.0041796907911784194
-0.0043583019817129715,-0.003651777460639066
-0.0044293367683377015,-0.0031949083394762585
-0.003084239216157871,0.0016481772736831677
-0.005129549511128368,-0.003891505874702798
-0.001965698112873618,-0.0057530005465751734
0.006894770909382954,0.0030007045787387456
0.0006376469419158688,0.009989738783314899
-0.0005547208315369423,-0.004022821634047584
0.002794530611290419,0.00676814555046495
0.0019826779062215214,0.003700629371697006
0.002189998185156142,0.0037016136036478083
-0.005201277139421162,-0.0002476451748470584
0.005615050963857669,0.0002737849651952375
-0.005853471489036781,-1.1470684621106195e-05
-0.003556816346253617,-0.005330850328302536
-0.0032398565024749546,-0.004212198786735553
-0.0057122636797204305,0.0013241126998291472
0.002964007750778058,0.004979435941343718
-0.0063174717138465685,0.0015312176563744319
0.0021243152807256336,0.00392985403257018
-0.004822311930073021,-0.0006072664858770284
0.001955057512380913,0.003576880754563257
-0.0010033101544483,-0.004162650430604969
-0.005150442793290762,0.0011072379002052748
0.004851970762761172,0.0006968670557729256
0.002676562989318408,0.001220354666617243
-0.005898335855733325,0.0014162569115476913
0.005385648798396584,0.0027670402865630486
-0.004988018435311193,4.372331043713528e-05
0.004334584756004687,1.4597175788319183e-05
0.00625595519370649,0.0065370428956924576
0.004408793982917368,0.0009724654670558857
0.0015893578765242475,0.008821487123113063
-0.002525060175213452,-0.0036933505119233303
0.003935566970934832,-0.00010672494540714126
0.004291403912777082,0.006306146339036529
-0.004867972625129312,-0.0037569313187394626
0.00222974845131653,0.002449848714700267
0.004442822205463113,0.006434345711977595
0.0041006678786331945,0.00025736459906407954
-0.004042185723760973,-0.0027709224165562425
-0.0034041545681477775,0.0007553892275796289
-0.0037993034026107576,0.0006635894522164579
-0.0035289973924186612,-0.0031738894223342206
-0.0034630784632080146,0.00046689434507198155
-0.0020933581518631826,-0.0015853277584023647
-0.000840911156687676,-0.000249800863869689
-0.0043146238772561185,-0.0017088980243641547
0.0017488714626204612,0.007082331577709233
0.0038002852392001324,0.00646668582709501
-0.004183929271129477,-0.0037976392714056152
-0.006137707767978999,8.51110923470517e-05
0.0019991994554925886,0.0014031656825704165
-0.004241510692286199,0.001206741744552922
0.0003986142225613469,0.0005653370411269911
0.0018751615442303604,0.003522809780076431
-0.0008682143561842302,-0.0042357551208206815
0.0032071051119536014,0.0010798921198432408
0.006514340009437747,0.0035141751453448737
0.0011136460453800947,0.000915277347793411
9.405159328042522e-05,0.0015924779791808403
0.0017140746747259853,0.007404689004323593
-0.0008100985780607637,-0.0008628874261560099
0.0028633924987601766,0.0012650673206259539
-0.0042135991914223694,-0.0039014768276493194
9.20078335497435e-05,-0.00018602510948268662
